{
 "cells": [
  {
   "cell_type": "markdown",
   "metadata": {},
   "source": [
    "### Compute Distances Between Leaves"
   ]
  },
  {
   "cell_type": "markdown",
   "metadata": {},
   "source": [
    "https://rosalind.info/problems/ba7a"
   ]
  },
  {
   "cell_type": "code",
   "execution_count": 1,
   "metadata": {},
   "outputs": [],
   "source": [
    "from collections import defaultdict, deque\n",
    "\n",
    "def leaves_distance_matrix(n, adjacency_list):\n",
    "    \"\"\"\n",
    "    n: number of leaves (indexed 0..n-1)\n",
    "    adjacency_list: dict of {node: list of (neighbor, weight)}\n",
    "    Returns: n x n matrix of distances between leaves\n",
    "    \"\"\"\n",
    "    # 叶节点列表\n",
    "    leaves = list(range(n))\n",
    "    dist_matrix = [[0]*n for _ in range(n)]\n",
    "    \n",
    "    def bfs(start):\n",
    "        \"\"\"Return distances from start to all nodes in the graph\"\"\"\n",
    "        visited = {}\n",
    "        queue = deque([(start, 0)])\n",
    "        while queue:\n",
    "            node, d = queue.popleft()\n",
    "            if node in visited:\n",
    "                continue\n",
    "            visited[node] = d\n",
    "            for neighbor, w in adjacency_list[node]:\n",
    "                if neighbor not in visited:\n",
    "                    queue.append((neighbor, d + w))\n",
    "        return visited\n",
    "    \n",
    "    # 对每个叶节点计算到所有叶节点的距离\n",
    "    for i, leaf in enumerate(leaves):\n",
    "        distances = bfs(leaf)\n",
    "        for j, other_leaf in enumerate(leaves):\n",
    "            dist_matrix[i][j] = distances[other_leaf]\n",
    "    \n",
    "    return dist_matrix\n"
   ]
  },
  {
   "cell_type": "code",
   "execution_count": 3,
   "metadata": {},
   "outputs": [
    {
     "name": "stdout",
     "output_type": "stream",
     "text": [
      "0  95  70  81  37  153  129  192  41  119  130  107  113  55  62  62  101  82  135  200  39  84  45  175  188  37  51  164  106  129  147  84\n",
      "95  0  51  152  108  224  48  263  64  190  49  178  32  126  61  133  172  41  206  271  80  155  116  246  259  88  122  235  25  200  218  33\n",
      "70  51  0  127  83  199  85  238  39  165  86  153  69  101  36  108  147  38  181  246  55  130  91  221  234  63  97  210  62  175  193  40\n",
      "81  152  127  0  66  100  186  139  98  66  187  54  170  36  119  31  48  139  82  147  96  31  62  122  135  94  52  111  163  76  94  141\n",
      "37  108  83  66  0  138  142  177  54  104  143  92  126  40  75  47  86  95  120  185  52  69  30  160  173  50  36  149  119  114  132  97\n",
      "153  224  199  100  138  0  258  55  170  58  259  64  242  108  191  103  82  211  38  63  168  89  134  38  51  166  124  27  235  50  28  213\n",
      "129  48  85  186  142  258  0  297  98  224  15  212  28  160  95  167  206  75  240  305  114  189  150  280  293  122  156  269  41  234  252  67\n",
      "192  263  238  139  177  55  297  0  209  97  298  103  281  147  230  142  121  250  77  18  207  128  173  29  22  205  163  38  274  89  67  252\n",
      "41  64  39  98  54  170  98  209  0  136  99  124  82  72  31  79  118  51  152  217  26  101  62  192  205  34  68  181  75  146  164  53\n",
      "119  190  165  66  104  58  224  97  136  0  225  30  208  74  157  69  48  177  40  105  134  55  100  80  93  132  90  69  201  34  52  179\n",
      "130  49  86  187  143  259  15  298  99  225  0  213  29  161  96  168  207  76  241  306  115  190  151  281  294  123  157  270  42  235  253  68\n",
      "107  178  153  54  92  64  212  103  124  30  213  0  196  62  145  57  36  165  46  111  122  43  88  86  99  120  78  75  189  40  58  167\n",
      "113  32  69  170  126  242  28  281  82  208  29  196  0  144  79  151  190  59  224  289  98  173  134  264  277  106  140  253  25  218  236  51\n",
      "55  126  101  36  40  108  160  147  72  74  161  62  144  0  93  17  56  113  90  155  70  39  36  130  143  68  26  119  137  84  102  115\n",
      "62  61  36  119  75  191  95  230  31  157  96  145  79  93  0  100  139  48  173  238  47  122  83  213  226  55  89  202  72  167  185  50\n",
      "62  133  108  31  47  103  167  142  79  69  168  57  151  17  100  0  51  120  85  150  77  34  43  125  138  75  33  114  144  79  97  122\n",
      "101  172  147  48  86  82  206  121  118  48  207  36  190  56  139  51  0  159  64  129  116  37  82  104  117  114  72  93  183  58  76  161\n",
      "82  41  38  139  95  211  75  250  51  177  76  165  59  113  48  120  159  0  193  258  67  142  103  233  246  75  109  222  52  187  205  30\n",
      "135  206  181  82  120  38  240  77  152  40  241  46  224  90  173  85  64  193  0  85  150  71  116  60  73  148  106  49  217  32  32  195\n",
      "200  271  246  147  185  63  305  18  217  105  306  111  289  155  238  150  129  258  85  0  215  136  181  37  30  213  171  46  282  97  75  260\n",
      "39  80  55  96  52  168  114  207  26  134  115  122  98  70  47  77  116  67  150  215  0  99  60  190  203  32  66  179  91  144  162  69\n",
      "84  155  130  31  69  89  189  128  101  55  190  43  173  39  122  34  37  142  71  136  99  0  65  111  124  97  55  100  166  65  83  144\n",
      "45  116  91  62  30  134  150  173  62  100  151  88  134  36  83  43  82  103  116  181  60  65  0  156  169  58  32  145  127  110  128  105\n",
      "175  246  221  122  160  38  280  29  192  80  281  86  264  130  213  125  104  233  60  37  190  111  156  0  25  188  146  21  257  72  50  235\n",
      "188  259  234  135  173  51  293  22  205  93  294  99  277  143  226  138  117  246  73  30  203  124  169  25  0  201  159  34  270  85  63  248\n",
      "37  88  63  94  50  166  122  205  34  132  123  120  106  68  55  75  114  75  148  213  32  97  58  188  201  0  64  177  99  142  160  77\n",
      "51  122  97  52  36  124  156  163  68  90  157  78  140  26  89  33  72  109  106  171  66  55  32  146  159  64  0  135  133  100  118  111\n",
      "164  235  210  111  149  27  269  38  181  69  270  75  253  119  202  114  93  222  49  46  179  100  145  21  34  177  135  0  246  61  39  224\n",
      "106  25  62  163  119  235  41  274  75  201  42  189  25  137  72  144  183  52  217  282  91  166  127  257  270  99  133  246  0  211  229  44\n",
      "129  200  175  76  114  50  234  89  146  34  235  40  218  84  167  79  58  187  32  97  144  65  110  72  85  142  100  61  211  0  44  189\n",
      "147  218  193  94  132  28  252  67  164  52  253  58  236  102  185  97  76  205  32  75  162  83  128  50  63  160  118  39  229  44  0  207\n",
      "84  33  40  141  97  213  67  252  53  179  68  167  51  115  50  122  161  30  195  260  69  144  105  235  248  77  111  224  44  189  207  0\n"
     ]
    }
   ],
   "source": [
    "# 读取文件\n",
    "with open(\"data/rosalind_ba7a.txt\", \"r\") as f:\n",
    "    lines = [line.strip() for line in f if line.strip()]\n",
    "\n",
    "n = int(lines[0])\n",
    "adjacency_list = defaultdict(list)\n",
    "\n",
    "# 解析邻接表\n",
    "for line in lines[1:]:\n",
    "    u_v, w = line.split(':')\n",
    "    u, v = map(int, u_v.split('->'))\n",
    "    w = int(w)\n",
    "    adjacency_list[u].append((v, w))\n",
    "\n",
    "# 计算叶节点距离矩阵\n",
    "matrix = leaves_distance_matrix(n, adjacency_list)\n",
    "\n",
    "# 输出结果\n",
    "for row in matrix:\n",
    "    print('  '.join(map(str, row)))\n"
   ]
  },
  {
   "cell_type": "markdown",
   "metadata": {},
   "source": [
    "### Compute Limb Lengths in a Tree"
   ]
  },
  {
   "cell_type": "markdown",
   "metadata": {},
   "source": [
    "https://rosalind.info/problems/ba7b"
   ]
  },
  {
   "cell_type": "code",
   "execution_count": 4,
   "metadata": {},
   "outputs": [],
   "source": [
    "def limb_length(D, j):\n",
    "    \"\"\"\n",
    "    D: n x n additive distance matrix (list of lists)\n",
    "    j: leaf index (0-based)\n",
    "    Returns: limb length of leaf j\n",
    "    \"\"\"\n",
    "    n = len(D)\n",
    "    limb = float('inf')\n",
    "    for i in range(n):\n",
    "        if i == j:\n",
    "            continue\n",
    "        for k in range(n):\n",
    "            if k == j or k == i:\n",
    "                continue\n",
    "            val = (D[i][j] + D[j][k] - D[i][k]) / 2\n",
    "            if val < limb:\n",
    "                limb = val\n",
    "    return int(limb)  # 返回整数\n"
   ]
  },
  {
   "cell_type": "code",
   "execution_count": 6,
   "metadata": {},
   "outputs": [
    {
     "name": "stdout",
     "output_type": "stream",
     "text": [
      "948\n"
     ]
    }
   ],
   "source": [
    "# 读取文件\n",
    "with open(\"data/rosalind_ba7b.txt\", \"r\") as f:\n",
    "    lines = [line.strip() for line in f if line.strip()]\n",
    "\n",
    "n = int(lines[0])\n",
    "j = int(lines[1])\n",
    "D = [list(map(int, line.split())) for line in lines[2:]]\n",
    "\n",
    "# 计算 limb length\n",
    "result = limb_length(D, j)\n",
    "print(result)\n"
   ]
  },
  {
   "cell_type": "markdown",
   "metadata": {},
   "source": [
    "### Implement AdditivePhylogeny"
   ]
  },
  {
   "cell_type": "markdown",
   "metadata": {},
   "source": [
    "https://rosalind.info/problems/ba7c"
   ]
  },
  {
   "cell_type": "code",
   "execution_count": 7,
   "metadata": {},
   "outputs": [],
   "source": [
    "from collections import defaultdict\n",
    "\n",
    "def limb_length(D, j):\n",
    "    n = len(D)\n",
    "    limb = float('inf')\n",
    "    for i in range(n):\n",
    "        if i == j:\n",
    "            continue\n",
    "        for k in range(n):\n",
    "            if k == j or k == i:\n",
    "                continue\n",
    "            val = (D[i][j] + D[j][k] - D[i][k]) / 2\n",
    "            if val < limb:\n",
    "                limb = val\n",
    "    return limb\n",
    "\n",
    "def find_attachment(D, n):\n",
    "    \"\"\"Find i,k such that Di,k = Di,n + Dn,k, return (i,k,Di,n)\"\"\"\n",
    "    for i in range(n):\n",
    "        if i == n:\n",
    "            continue\n",
    "        for k in range(n):\n",
    "            if k == n or k == i:\n",
    "                continue\n",
    "            if abs(D[i][k] - (D[i][n] + D[n][k])) < 1e-6:\n",
    "                return i, k, D[i][n]\n",
    "    return None\n",
    "\n",
    "def add_edge(tree, u, v, w):\n",
    "    tree[u].append((v, w))\n",
    "    tree[v].append((u, w))\n",
    "\n",
    "def find_path(tree, start, end, path=None, visited=None):\n",
    "    \"\"\"Find path from start to end in tree (list of nodes)\"\"\"\n",
    "    if path is None:\n",
    "        path = [start]\n",
    "    if visited is None:\n",
    "        visited = set()\n",
    "    visited.add(start)\n",
    "    if start == end:\n",
    "        return path\n",
    "    for neighbor, _ in tree[start]:\n",
    "        if neighbor not in visited:\n",
    "            res = find_path(tree, neighbor, end, path + [neighbor], visited)\n",
    "            if res:\n",
    "                return res\n",
    "    return None\n",
    "\n",
    "def insert_node(tree, i, k, x, next_node_label):\n",
    "    \"\"\"Find point v at distance x from i on path i-k, insert internal node if necessary\"\"\"\n",
    "    path = find_path(tree, i, k)\n",
    "    d = 0\n",
    "    for idx in range(len(path)-1):\n",
    "        u = path[idx]\n",
    "        v = path[idx+1]\n",
    "        # find edge weight\n",
    "        for neighbor, w in tree[u]:\n",
    "            if neighbor == v:\n",
    "                edge_w = w\n",
    "                break\n",
    "        if d + edge_w > x:\n",
    "            # insert internal node\n",
    "            new_node = next_node_label\n",
    "            next_node_label += 1\n",
    "            # adjust edges\n",
    "            tree[u].remove((v, edge_w))\n",
    "            tree[v].remove((u, edge_w))\n",
    "            tree[u].append((new_node, x - d))\n",
    "            tree[new_node].append((u, x - d))\n",
    "            tree[new_node].append((v, edge_w - (x - d)))\n",
    "            tree[v].append((new_node, edge_w - (x - d)))\n",
    "            return new_node, next_node_label\n",
    "        elif d + edge_w == x:\n",
    "            return v, next_node_label\n",
    "        d += edge_w\n",
    "    return None, next_node_label\n",
    "\n",
    "def additive_phylogeny(D, n, next_node_label=None):\n",
    "    if next_node_label is None:\n",
    "        next_node_label = n\n",
    "    if n == 2:\n",
    "        tree = defaultdict(list)\n",
    "        add_edge(tree, 0, 1, D[0][1])\n",
    "        return tree, next_node_label\n",
    "    limb = limb_length(D, n-1)\n",
    "    # subtract limb length from last column/row\n",
    "    for j in range(n-1):\n",
    "        D[j][n-1] -= limb\n",
    "        D[n-1][j] = D[j][n-1]\n",
    "    # find i,k such that Di,k = Di,n + Dn,k\n",
    "    i, k, x = find_attachment(D, n-1)\n",
    "    # remove last row/col\n",
    "    D_trim = [row[:-1] for row in D[:-1]]\n",
    "    tree, next_node_label = additive_phylogeny(D_trim, n-1, next_node_label)\n",
    "    # insert internal node\n",
    "    v, next_node_label = insert_node(tree, i, k, x, next_node_label)\n",
    "    # add limb\n",
    "    add_edge(tree, v, n-1, limb)\n",
    "    return tree, next_node_label\n"
   ]
  },
  {
   "cell_type": "code",
   "execution_count": 9,
   "metadata": {},
   "outputs": [
    {
     "name": "stdout",
     "output_type": "stream",
     "text": [
      "0->25:512\n",
      "1->26:612\n",
      "24->2:649\n",
      "24->26:788\n",
      "24->31:383\n",
      "2->24:649\n",
      "25->0:512\n",
      "25->28:551\n",
      "25->36:770\n",
      "3->45:325\n",
      "26->24:788\n",
      "26->1:612\n",
      "26->30:822\n",
      "4->32:85\n",
      "27->5:619\n",
      "27->28:692\n",
      "27->29:880\n",
      "5->27:619\n",
      "28->25:551\n",
      "28->27:692\n",
      "28->6:371\n",
      "6->28:371\n",
      "29->27:880\n",
      "29->7:733\n",
      "29->41:96\n",
      "7->29:733\n",
      "30->26:822\n",
      "30->8:145\n",
      "30->32:311\n",
      "8->30:145\n",
      "31->24:383\n",
      "31->9:876\n",
      "31->39:828\n",
      "9->31:876\n",
      "32->30:311\n",
      "32->4:85\n",
      "32->33:96\n",
      "10->34:174\n",
      "33->32:96\n",
      "33->11:846\n",
      "33->42:267\n",
      "11->33:846\n",
      "34->10:174\n",
      "34->35:538\n",
      "34->42:493\n",
      "12->35:595\n",
      "35->34:538\n",
      "35->12:595\n",
      "35->43:425\n",
      "13->43:461\n",
      "36->25:770\n",
      "36->14:737\n",
      "36->38:898\n",
      "14->36:737\n",
      "37->15:857\n",
      "37->40:624\n",
      "37->41:811\n",
      "15->37:857\n",
      "38->36:898\n",
      "38->16:384\n",
      "38->39:566\n",
      "16->38:384\n",
      "39->38:566\n",
      "39->31:828\n",
      "39->17:837\n",
      "17->39:837\n",
      "40->37:624\n",
      "40->18:107\n",
      "40->44:979\n",
      "18->40:107\n",
      "41->29:96\n",
      "41->37:811\n",
      "41->19:82\n",
      "19->41:82\n",
      "42->33:267\n",
      "42->34:493\n",
      "42->20:260\n",
      "20->42:260\n",
      "43->35:425\n",
      "43->13:461\n",
      "43->21:317\n",
      "21->43:317\n",
      "44->40:979\n",
      "44->22:458\n",
      "44->45:474\n",
      "22->44:458\n",
      "45->44:474\n",
      "45->3:325\n",
      "45->23:919\n",
      "23->45:919\n"
     ]
    }
   ],
   "source": [
    "# 读取文件\n",
    "with open(\"data/rosalind_ba7c.txt\", \"r\") as f:\n",
    "    lines = [line.strip() for line in f if line.strip()]\n",
    "\n",
    "n = int(lines[0])\n",
    "D = [list(map(int, line.split())) for line in lines[1:]]\n",
    "\n",
    "# 构建树\n",
    "tree, _ = additive_phylogeny(D, n)\n",
    "\n",
    "# 输出邻接表\n",
    "for u in tree:\n",
    "    for v, w in tree[u]:\n",
    "        print(f\"{u}->{v}:{int(w)}\")\n"
   ]
  }
 ],
 "metadata": {
  "language_info": {
   "name": "python"
  }
 },
 "nbformat": 4,
 "nbformat_minor": 2
}
