24
0 5357 4606 5944 5963 2374 1434 3368 5712 4450 6908 6820 7867 8158 2019 4399 2564 3583 4273 2813 6501 8014 5603 6538
5357 0 2049 10277 1830 6707 5767 7701 1579 2659 2775 2687 3734 4025 4812 8732 3561 3448 8606 7146 2368 3881 9936 10871
4606 2049 0 9526 2655 5956 5016 6950 2404 1908 3600 3512 4559 4850 4061 7981 2810 2697 7855 6395 3193 4706 9185 10120
5944 10277 9526 0 10883 4808 5252 4042 10632 9370 11828 11740 12787 13078 6939 3259 7484 8503 1885 3295 11421 12934 1257 1244
5963 1830 2655 10883 0 7313 6373 8307 541 3265 1115 1027 2074 2365 5418 9338 4167 4054 9212 7752 708 2221 10542 11477
2374 6707 5956 4808 7313 0 1682 2232 7062 5800 8258 8170 9217 9508 3369 3263 3914 4933 3137 1677 7851 9364 4467 5402
1434 5767 5016 5252 6373 1682 0 2676 6122 4860 7318 7230 8277 8568 2429 3707 2974 3993 3581 2121 6911 8424 4911 5846
3368 7701 6950 4042 8307 2232 2676 0 8056 6794 9252 9164 10211 10502 4363 2497 4908 5927 2371 911 8845 10358 3701 4636
5712 1579 2404 10632 541 7062 6122 8056 0 3014 1486 1398 2445 2736 5167 9087 3916 3803 8961 7501 1079 2592 10291 11226
4450 2659 1908 9370 3265 5800 4860 6794 3014 0 4210 4122 5169 5460 3905 7825 2654 2541 7699 6239 3803 5316 9029 9964
6908 2775 3600 11828 1115 8258 7318 9252 1486 4210 0 1780 1307 1598 6363 10283 5112 4999 10157 8697 927 1454 11487 12422
6820 2687 3512 11740 1027 8170 7230 9164 1398 4122 1780 0 2739 3030 6275 10195 5024 4911 10069 8609 1373 2886 11399 12334
7867 3734 4559 12787 2074 9217 8277 10211 2445 5169 1307 2739 0 1481 7322 11242 6071 5958 11116 9656 1886 1337 12446 13381
8158 4025 4850 13078 2365 9508 8568 10502 2736 5460 1598 3030 1481 0 7613 11533 6362 6249 11407 9947 2177 778 12737 13672
2019 4812 4061 6939 5418 3369 2429 4363 5167 3905 6363 6275 7322 7613 0 5394 2019 3038 5268 3808 5956 7469 6598 7533
4399 8732 7981 3259 9338 3263 3707 2497 9087 7825 10283 10195 11242 11533 5394 0 5939 6958 1588 1750 9876 11389 2918 3853
2564 3561 2810 7484 4167 3914 2974 4908 3916 2654 5112 5024 6071 6362 2019 5939 0 1787 5813 4353 4705 6218 7143 8078
3583 3448 2697 8503 4054 4933 3993 5927 3803 2541 4999 4911 5958 6249 3038 6958 1787 0 6832 5372 4592 6105 8162 9097
4273 8606 7855 1885 9212 3137 3581 2371 8961 7699 10157 10069 11116 11407 5268 1588 5813 6832 0 1624 9750 11263 1544 2479
2813 7146 6395 3295 7752 1677 2121 911 7501 6239 8697 8609 9656 9947 3808 1750 4353 5372 1624 0 8290 9803 2954 3889
6501 2368 3193 11421 708 7851 6911 8845 1079 3803 927 1373 1886 2177 5956 9876 4705 4592 9750 8290 0 2033 11080 12015
8014 3881 4706 12934 2221 9364 8424 10358 2592 5316 1454 2886 1337 778 7469 11389 6218 6105 11263 9803 2033 0 12593 13528
5603 9936 9185 1257 10542 4467 4911 3701 10291 9029 11487 11399 12446 12737 6598 2918 7143 8162 1544 2954 11080 12593 0 1851
6538 10871 10120 1244 11477 5402 5846 4636 11226 9964 12422 12334 13381 13672 7533 3853 8078 9097 2479 3889 12015 13528 1851 0
