21
16
0 2925 3173 2215 1300 9206 1456 9264 5325 3509 5315 8550 1210 7858 6872 1140 9476 4881 9289 4028 6927
2925 0 2110 2522 3027 8143 2145 8201 4262 2446 4252 7487 3165 6795 5809 3277 8413 3818 8226 2965 5864
3173 2110 0 2770 3275 6297 2393 6355 2416 814 2406 5641 3413 4949 3963 3525 6567 1972 6380 1119 4018
2215 2522 2770 0 2317 8803 1435 8861 4922 3106 4912 8147 2455 7455 6469 2567 9073 4478 8886 3625 6524
1300 3027 3275 2317 0 9308 1558 9366 5427 3611 5417 8652 1540 7960 6974 1652 9578 4983 9391 4130 7029
9206 8143 6297 8803 9308 0 8426 1994 4431 6847 5191 2606 9446 1712 4096 9558 2206 5495 2019 5798 2661
1456 2145 2393 1435 1558 8426 0 8484 4545 2729 4535 7770 1696 7078 6092 1808 8696 4101 8509 3248 6147
9264 8201 6355 8861 9366 1994 8484 0 4489 6905 5249 2664 9504 1770 4154 9616 1684 5553 547 5856 2719
5325 4262 2416 4922 5427 4431 4545 4489 0 2966 1310 3775 5565 3083 2097 5677 4701 1614 4514 1917 2152
3509 2446 814 3106 3611 6847 2729 6905 2966 0 2956 6191 3749 5499 4513 3861 7117 2522 6930 1669 4568
5315 4252 2406 4912 5417 5191 4535 5249 1310 2956 0 4535 5555 3843 2857 5667 5461 1604 5274 1907 2912
8550 7487 5641 8147 8652 2606 7770 2664 3775 6191 4535 0 8790 1258 3440 8902 2876 4839 2689 5142 2005
1210 3165 3413 2455 1540 9446 1696 9504 5565 3749 5555 8790 0 8098 7112 1562 9716 5121 9529 4268 7167
7858 6795 4949 7455 7960 1712 7078 1770 3083 5499 3843 1258 8098 0 2748 8210 1982 4147 1795 4450 1313
6872 5809 3963 6469 6974 4096 6092 4154 2097 4513 2857 3440 7112 2748 0 7224 4366 3161 4179 3464 1817
1140 3277 3525 2567 1652 9558 1808 9616 5677 3861 5667 8902 1562 8210 7224 0 9828 5233 9641 4380 7279
9476 8413 6567 9073 9578 2206 8696 1684 4701 7117 5461 2876 9716 1982 4366 9828 0 5765 1709 6068 2931
4881 3818 1972 4478 4983 5495 4101 5553 1614 2522 1604 4839 5121 4147 3161 5233 5765 0 5578 1473 3216
9289 8226 6380 8886 9391 2019 8509 547 4514 6930 5274 2689 9529 1795 4179 9641 1709 5578 0 5881 2744
4028 2965 1119 3625 4130 5798 3248 5856 1917 1669 1907 5142 4268 4450 3464 4380 6068 1473 5881 0 3519
6927 5864 4018 6524 7029 2661 6147 2719 2152 4568 2912 2005 7167 1313 1817 7279 2931 3216 2744 3519 0
